precision = 0.0	recall = 0.0	avg_precision = 0.002354047275442974	 mrr = 0.0008532423208191126	topk = 0
precision = 0.0	recall = 0.0	avg_precision = 0.0006024096385542169	 mrr = 0.0006024096385542169	topk = 0
